current_smoker <- c("137..", "1372.", "1373.", "1374.", "1375.", "1376.", "137a.", "137b.", "137c.", "137C.", "137d.", "137D.", "137e.", "137f.", "137G.", "137h.", "137H.", "137J.", "137m.", "137M.", "137o.", "137P.", "137Q.", "137R.", "137V.", "137X.", "137Y.", "137Z.", "Ub1tl", "Ub1tJ", "Ub1tK", "Ub1tR", "Ub1tS", "Ub1tT", "Ub1tU", "Ub1tV", "Ub1tW", "XaBSp", "Xallu", "XalkW", "XalkY", "Xaltg", "XaJX2", "XaLQh", "XaWNE", "XaZIE", "XE0og", "XE0oi", "XE0oq", "XE0or")

ex_smoker <- c("1377.", "1378.", "1379.", "137A.", "137B.", "137F.", "137j.", "137K.", "137l.", "137N.", "137O.", "137S.", "137T.", "Ub0p1", "Ub1na", "Xa1bv", "XaQ8V", "XE0oj", "XE0ok", "XE0ol", "XE0om", "XE0on", "XE0op", "137K0", "XaQzw")

passive_smoking <- c("13WF.", "XM1Jh", "13WF4", "137I.", "137I0", "Ub0pe", "Ub0pf", "Ub0pg")

non_smoker <- c("1371.", "XE0oh", "137U.", "XaFvq")
